/usr/java/packages/lib/amd64:/usr/lib64:/lib64:/lib:/usr/lib
以下是SM2算法的例子
消息的内容是[-18, -64, -93, 125, 10, 91, -72, -49, -49, -110, 35, 50, 120, -63, -111, -121, -64, -70, 87, -110, 115, -98, 44, 31, -110, -53, 112, 2, 110, 32, 109, -27, 29, 26, 84, 6, 74, -10, -110, -57, 12, 19, 46, -23, -32, 43, -114, -53, -70, -45, 10, 93, 67, -94, -32, 10, 53, -52, -95]
签名的结果是[48, 69, 2, 32, 43, 13, -63, 46, -20, -74, -57, 42, 34, 115, 2, 113, 71, 94, 45, -20, -27, 88, -85, -113, -102, -48, -61, -14, 65, -107, -5, -84, -11, 103, -14, -3, 2, 33, 0, -37, 100, 48, -67, 75, 16, 68, -105, -24, 19, -107, 7, -108, 30, -3, 4, 25, -107, 70, -8, 3, -96, 16, 96, -98, -98, -18, -60, -14, -102, 76, 105]
验证签名的结果是true

以下是SM3算法的例子
消息的内容是[-18, -64, -93, 125, 10, 91, -72, -49, -49, -110, 35, 50, 120, -63, -111, -121, -64, -70, 87, -110, 115, -98, 44, 31, -110, -53, 112, 2, 110, 32, 109, -27, 29, 26, 84, 6, 74, -10, -110, -57, 12, 19, 46, -23, -32, 43, -114, -53, -70, -45, 10, 93, 67, -94, -32, 10, 53, -52, -95]
哈希函数的结果是[94, -11, 15, 95, -92, -55, -57, 17, 71, -125, 66, 118, -50, 33, 76, 114, -26, 17, 87, 107, 55, 108, -73, 50, 35, 28, -47, 107, 47, -2, 49, 17]

以下是SM4算法的例子
明文的内容是[0, 1, 2, 3, 4, 5, 6, 7, 8, 9, 10, 11, 12, 13, 14, 15, 16, 17, 18, 19, 20, 21, 22, 23, 24, 25, 26, 27, 28, 29, 30, 31]
SM4密钥的内容是[49, 50, 51, 52, 53, 54, 55, 56, 57, 48, 49, 50, 51, 52, 53, 54]
随机字符串的内容是[-75, 41, -24, -77, 53, 60, -18, 99, -76, 65, 89, -51, 31, 39, 92, -83]
加密的结果是[-56, -19, -73, -63, 10, -31, -31, 121, 1, -22, 98, 33, -82, 91, 92, 122, 106, -73, 4, 49, 10, 109, -23, 126, 48, -38, 77, 45, 8, -26, 80, 19]
解密的结果是[0, 1, 2, 3, 4, 5, 6, 7, 8, 9, 10, 11, 12, 13, 14, 15, 16, 17, 18, 19, 20, 21, 22, 23, 24, 25, 26, 27, 28, 29, 30, 31]
